[git-user]
loginAttempts = 0
lastFailedLoginTimestamp = 0.0000000
lastSuccessLoginTimestamp = 1635155683.8442212
firstFailedLoginTimestamp = 0.0000000

[michaels31]
loginAttempts = 0
lastFailedLoginTimestamp = 0.0000000
lastSuccessLoginTimestamp = 1635256802.8885145
firstFailedLoginTimestamp = 0.0000000

[user1]
loginAttempts = 0
lastFailedLoginTimestamp = 0.0000000
lastSuccessLoginTimestamp = 1635163300.6846563
firstFailedLoginTimestamp = 0.0000000

[user2]
loginAttempts = 0
lastFailedLoginTimestamp = 0.0000000
lastSuccessLoginTimestamp = 1635163405.1449964
firstFailedLoginTimestamp = 0.0000000
