[history/.dummy_history]
version = 8.2.2.1
modtime = 1635085637.780892500

[ui-prefs/alerts]
version = 8.2.2.1
modtime = 1635085864.189482800
