[history/.dummy_history]
version = 8.2.2.1
modtime = 1635163415.412870600

[ui-tour/search-tour]
version = 8.2.2.1
modtime = 1635163417.031743400

[ui-prefs/search]
version = 8.2.2.1
modtime = 1635163656.949397600

[savedsearches/user2%20Alert]
version = 8.2.2.1
modtime = 1635163675.256924700
